[[17.85431542509277, 60.06335637377964], [26.22359106786032, 55.79501091754185], [26.130848118385785, 31.417558650764043], [95.66735372820935, 89.10890112774878], [11.872582661926733, 7.961391583697896], [18.439291170105076, 71.70754543306653], [63.632184227135234, 73.0855908061158], [43.27620901600131, 4.116491697987845], [27.91449828176201, 72.59355089250323], [85.39992318534459, 20.502812412489803]]
[[], [1], [0, 1], [1, 1, 1], [1, 1, 1, 0], [1, 1, 1, 1, 1], [1, 1, 1, 1, 1, 1], [1, 1, 1, 1, 1, 0, 1], [0, 1, 1, 1, 1, 1, 1, 1], [1, 0, 0, 1, 1, 0, 1, 0, 1]]
[0 - 1, 1 - 2, 2 - 4, 4 - 7, 7 - 9, 9 - 3, 3 - 6, 6 - 8, 8 - 5, 5 - 0]
-----CCTP-----
([0 - 1, 1 - 2, 2 - 4, 4 - 7, 7 - 3, 3 - 6, 6 - 8, 8 - 5, 5 - 0, 0 - 9, 9 - 0], 441.97444303618846)
-----christofidesBFI-----
([0 - 1, 1 - 2, 2 - 1, 1 - 0, 0 - 4, 4 - 0, 0 - 7, 7 - 0, 0 - 9, 9 - 0, 0 - 3, 3 - 0, 0 - 6, 6 - 0, 0 - 1, 1 - 8, 8 - 1, 1 - 0, 0 - 5, 5 - 0], 789.0700148902382)
-----BFI-----
([0 - 3, 3 - 5, 5 - 6, 6 - 7, 7 - 2, 2 - 4, 4 - 9, 9 - 8, 8 - 1, 1 - 0], 173.3244836694785)
517.477396352
